=== Run information ===

Scheme:       weka.classifiers.meta.AdaBoostM1 -P 100000 -S 1 -I 30 -W weka.classifiers.bayes.NaiveBayes
Relation:     krkopt
Instances:    28055
Attributes:   7
              wkfile
              wkingrank
              wrookfile
              wrookrank
              blackKingFile
              blackKingRank
              class
Test mode:    10-fold cross-validation

=== Classifier model (full training set) ===

AdaBoostM1: No boosting possible, one classifier used!
Naive Bayes Classifier

                   Class
Attribute           draw     zero      one      two    three     four     five      six    seven    eight     nine      ten   eleven   twelve thirteen fourteen  fifteen  sixteen
                   (0.1)      (0)      (0)   (0.01)      (0)   (0.01)   (0.02)   (0.02)   (0.02)   (0.05)   (0.06)   (0.07)    (0.1)   (0.13)   (0.15)   (0.16)   (0.08)   (0.01)
==================================================================================================================================================================================
wkfile
  a                 200.0      1.0      1.0      1.0      1.0      1.0      1.0      1.0     13.0     20.0     23.0     75.0    138.0    119.0    220.0    330.0    471.0    279.0
  b                 554.0      1.0      1.0      1.0      1.0      1.0      1.0     23.0     36.0     79.0    251.0    307.0    370.0    538.0    862.0   1327.0    868.0    113.0
  c                 869.0     23.0     67.0    204.0     33.0      2.0     40.0     55.0    175.0    432.0    493.0    586.0    838.0   1306.0   1622.0   1512.0    486.0      1.0
  d                1176.0      6.0     13.0     44.0     50.0    198.0    433.0    517.0    463.0    906.0    949.0   1021.0   1512.0   1638.0   1494.0   1388.0    345.0      1.0
  [total]          2799.0     31.0     82.0    250.0     85.0    202.0    475.0    596.0    687.0   1437.0   1716.0   1989.0   2858.0   3601.0   4198.0   4557.0   2170.0    394.0

wkingrank
  mean             1.8182   2.1481   2.2308   2.4024   2.6173   2.1768   2.2824   2.2973   2.4876   2.6029   2.5835   2.2766   2.1703   2.0003   1.6369   1.2473   1.0794        1
  std. dev.        0.9145   0.7554   0.5756   0.7682   0.7465   0.8003   0.9093    0.915   1.0114    1.076   1.0673   0.9828   0.9656   0.8228   0.6184   0.4415   0.2704   0.1667
  weight sum         2795       27       78      246       81      198      471      592      683     1433     1712     1985     2854     3597     4194     4553     2166      390
  precision             1        1        1        1        1        1        1        1        1        1        1        1        1        1        1        1        1        1

wrookfile
  c                 255.0      1.0      9.0     26.0      9.0     16.0     60.0     97.0     57.0    215.0    350.0    320.0    327.0    283.0    423.0    526.0    362.0     91.0
  d                 295.0      1.0      9.0     37.0      8.0     30.0     66.0     79.0     69.0    175.0    226.0    223.0    435.0    527.0    485.0    422.0    259.0     40.0
  e                 376.0      2.0     15.0     39.0     10.0     35.0     70.0     70.0     82.0    155.0    180.0    251.0    500.0    572.0    600.0    463.0    169.0      5.0
  f                 487.0      3.0     15.0     40.0      9.0     35.0     65.0     45.0     90.0    138.0    193.0    311.0    397.0    423.0    468.0    451.0    341.0     89.0
  g                 550.0      3.0      9.0     41.0      9.0     30.0     79.0     62.0    141.0    211.0    165.0    179.0    260.0    359.0    482.0    612.0    351.0     74.0
  h                 354.0      3.0      9.0     42.0      9.0     30.0     56.0     35.0     64.0    120.0    165.0    242.0    344.0    551.0    635.0    711.0    209.0     55.0
  a                 199.0     20.0      7.0     11.0      1.0      9.0     47.0     90.0     50.0    189.0    232.0    265.0    334.0    514.0    592.0    795.0    130.0      1.0
  b                 287.0      2.0     13.0     18.0     34.0     21.0     36.0    122.0    138.0    238.0    209.0    202.0    265.0    376.0    517.0    581.0    353.0     43.0
  [total]          2803.0     35.0     86.0    254.0     89.0    206.0    479.0    600.0    691.0   1441.0   1720.0   1993.0   2862.0   3605.0   4202.0   4561.0   2174.0    398.0

wrookrank
  mean             4.5925   3.9259   5.1923   4.8699   3.7901   3.5808   4.3609   4.1351   4.1567   4.8018   4.6262   4.7038   4.3753   4.4595   4.3624   4.4847   4.7918   4.9615
  std. dev.        2.0688   2.5952   1.7399   2.1974   1.9608   1.8886    2.034   2.1377    2.055   2.0894   2.1371   2.2708   2.3035   2.3662   2.3021   2.4149   2.4282   2.1522
  weight sum         2795       27       78      246       81      198      471      592      683     1433     1712     1985     2854     3597     4194     4553     2166      390
  precision             1        1        1        1        1        1        1        1        1        1        1        1        1        1        1        1        1        1

blackKingFile
  c                 253.0      6.0      7.0     41.0     12.0      8.0     43.0     13.0     20.0     85.0     38.0     59.0    150.0    271.0    443.0    624.0    301.0     33.0
  d                 293.0      6.0      7.0     41.0      1.0      7.0     15.0     15.0      9.0    105.0     70.0    111.0    124.0    260.0    460.0    734.0    475.0     81.0
  e                 374.0      1.0      7.0      1.0      1.0      5.0      9.0     20.0     47.0    124.0    141.0    196.0    171.0    354.0    559.0    818.0    529.0    111.0
  f                 486.0      1.0      1.0      1.0      1.0      7.0     28.0     97.0     65.0    209.0    198.0    277.0    379.0    510.0    720.0    814.0    452.0    124.0
  g                 549.0      1.0      1.0      1.0      1.0      9.0     20.0     96.0    101.0    246.0    267.0    369.0    547.0    706.0    667.0    740.0    255.0     42.0
  h                 357.0      1.0      1.0      1.0      1.0     11.0     73.0    190.0    204.0    417.0    638.0    420.0    747.0    711.0    655.0    350.0     85.0      4.0
  a                 206.0     18.0     55.0    128.0     31.0     80.0    164.0    101.0    184.0    148.0    258.0    375.0    450.0    398.0    220.0    120.0      1.0      1.0
  b                 285.0      1.0      7.0     40.0     41.0     79.0    127.0     68.0     61.0    107.0    110.0    186.0    294.0    395.0    478.0    361.0     76.0      2.0
  [total]          2803.0     35.0     86.0    254.0     89.0    206.0    479.0    600.0    691.0   1441.0   1720.0   1993.0   2862.0   3605.0   4202.0   4561.0   2174.0    398.0

blackKingRank
  mean             4.5821   1.1852   1.3205   1.1667   1.0617   1.2172   1.6178   1.8176   2.7994   2.3838   3.7634    4.064   5.0224   5.1446   5.3825   5.0661   4.4423   4.0128
  std. dev.        2.0715   0.3884   0.6096   0.3727   0.2407   0.4696   1.3075   1.5136   2.2079   1.9699   2.6237   2.4635   2.2489   2.0419   1.8538    1.786   1.3715   1.1886
  weight sum         2795       27       78      246       81      198      471      592      683     1433     1712     1985     2854     3597     4194     4553     2166      390
  precision             1        1        1        1        1        1        1        1        1        1        1        1        1        1        1        1        1        1




Time taken to build model: 0.5 seconds

=== Stratified cross-validation ===
=== Summary ===

Correctly Classified Instances        9540               34.0046 %
Incorrectly Classified Instances     18515               65.9954 %
Kappa statistic                          0.2528
Mean absolute error                      0.0883
Root mean squared error                  0.2091
Relative absolute error                 88.6848 %
Root relative squared error             93.7294 %
Coverage of cases (0.95 level)          96.6566 %
Mean rel. region size (0.95 level)      41.3897 %
Total Number of Instances            28055     

=== Detailed Accuracy By Class ===

                 TP Rate  FP Rate  Precision  Recall   F-Measure  MCC      ROC Area  PRC Area  Class
                 0.079    0.039    0.183      0.079    0.110      0.059    0.595     0.139     draw
                 0.370    0.000    0.476      0.370    0.417      0.419    0.993     0.275     zero
                 0.026    0.002    0.043      0.026    0.032      0.031    0.985     0.179     one
                 0.728    0.007    0.486      0.728    0.583      0.591    0.994     0.455     two
                 0.309    0.002    0.333      0.309    0.321      0.319    0.987     0.225     three
                 0.455    0.007    0.318      0.455    0.374      0.375    0.983     0.368     four
                 0.380    0.015    0.297      0.380    0.333      0.323    0.936     0.250     five
                 0.236    0.009    0.357      0.236    0.285      0.278    0.909     0.242     six
                 0.020    0.002    0.241      0.020    0.038      0.064    0.843     0.109     seven
                 0.463    0.058    0.300      0.463    0.364      0.331    0.844     0.265     eight
                 0.138    0.018    0.337      0.138    0.196      0.185    0.808     0.266     nine
                 0.041    0.011    0.223      0.041    0.069      0.068    0.738     0.153     ten
                 0.204    0.060    0.277      0.204    0.235      0.165    0.747     0.234     eleven
                 0.311    0.093    0.329      0.311    0.319      0.223    0.755     0.287     twelve
                 0.464    0.150    0.352      0.464    0.401      0.282    0.765     0.338     thirteen
                 0.658    0.208    0.380      0.658    0.482      0.369    0.841     0.475     fourteen
                 0.427    0.058    0.382      0.427    0.403      0.351    0.920     0.426     fifteen
                 0.336    0.009    0.341      0.336    0.339      0.329    0.979     0.366     sixteen
Weighted Avg.    0.340    0.088    0.315      0.340    0.307      0.240    0.790     0.301     

=== Confusion Matrix ===

    a    b    c    d    e    f    g    h    i    j    k    l    m    n    o    p    q    r   <-- classified as
  221    5    0   13   18   16   23   36   19  148   27   25  134  351  552  857  302   48 |    a = draw
    0   10    5    6    0    2    0    0    0    3    0    1    0    0    0    0    0    0 |    b = zero
    1    0    2   54    4    0    0    0    0    6    0    6    1    4    0    0    0    0 |    c = one
    0    1   19  179    8    2    0    0    0   36    0    0    1    0    0    0    0    0 |    d = two
    0    0    0   24   25   23    7    2    0    0    0    0    0    0    0    0    0    0 |    e = three
    2    0    1    4    2   90   50   27    1   18    0    0    0    3    0    0    0    0 |    f = four
    5    1    0   15    2   92  179   48    4   68    8    5   24    7    0   13    0    0 |    g = five
   14    2    1    4    6   18   97  140    5  174   23    6   38   26    8   26    4    0 |    h = six
   22    0    2    8    0   14   60   30   14  215   25   27   66   78   51   60   10    1 |    i = seven
   41    1    5   14   10   15   88   75    6  664   79   28  111   93   71  111   19    2 |    j = eight
   89    0    9   15    0    3   20   16    1  395  237   62  344  145  133  220   22    1 |    k = nine
  102    1    3   16    0    0   28    8    4  306   85   81  419  333  184  331   74   10 |    l = ten
  143    0    0    9    0    7   37    3    3  127  147   47  583  723  486  409  109   21 |    m = eleven
  232    0    0    7    0    1    7    2    0   51   49   41  296 1117 1124  530  122   18 |    n = twelve
  194    0    0    0    0    0    7    3    1    5   23   32   69  457 1948 1214  198   43 |    o = thirteen
  127    0    0    0    0    0    0    2    0    0    1    2   17   60  910 2995  391   48 |    p = fourteen
   15    0    0    0    0    0    0    0    0    0    0    0    0    0   65 1101  924   61 |    q = fifteen
    0    0    0    0    0    0    0    0    0    0    0    0    0    0    0   13  246  131 |    r = sixteen


